# The position of the turbines 
turbines_x: [500.0, 456.2211981566826, 435.4838709677417, 392.1658986175108, 345.62211981566793, 305.0691244239625, 248.84792626728049, 382.4884792626717, 336.8663594470051, 292.6267281106012, 243.31797235022958, 201.38248847926468, 152.99539170506935, 325.3456221198168, 278.801843317974, 229.0322580645159, 185.2534562211985, 139.63133640553187, 96.77419354838742, 50.230414746544554, 254.83870967742115, 214.74654377880216, 168.66359447004578, 121.65898617511645, 78.34101382488552, 34.10138248848162, -16.12903225806293, -59.907834101380345, 151.61290322580663, 119.81566820276724, 62.672811059909066, 17.972350230415415, -25.345622119815516, -72.35023041474486, -118.89400921658772, -163.1336405529949, 47.00460829493262, 0.0, -44.239631336403896, -85.71428571428562, -129.49308755760305, -173.27188940092046, -217.51152073732763, -261.29032258064507, -102.3041474654383, -152.99539170506935, -193.08755760368507, -233.17972350230406, -276.95852534562147, -320.7373271889389, -359.9078341013817, -269.5852534562214, -311.0599078340998, -348.8479262672799, -388.47926267280906, -429.9539170506908, -465.89861751151835, -417.05069124423983, -458.5253456221183, -500.0]
turbines_y: [-218.53932584269654, -337.6404494382022, -69.94382022471785, -174.43820224718988, -290.16853932584144, -397.4719101123598, -499.99999999999903, 89.32584269663073, -26.685393258426682, -131.74157303370637, -247.47191011235995, -351.40449438202234, -460.1123595505619, 250.28089887640633, 137.0786516853933, 17.134831460674164, -87.92134831460554, -201.12359550561655, -305.61797752809053, -418.8202247191016, 392.6966292134846, 296.06741573033804, 179.77528089887682, 65.16853932584259, -42.134831460673816, -155.33707865168483, -263.7640449438206, -372.75280898876406, 449.71910112359586, 333.1460674157308, 220.2247191011256, 109.26966292134928, 1.9662921348328684, -113.48314606741486, -220.22471910112358, -330.6179775280902, 500.000000000001, 386.79775280898997, 264.3258426966303, 153.08988764045012, 46.91011235955107, -67.4157303370773, -176.12359550561692, -289.8876404494376, 428.0898876404503, 310.11235955056196, 201.4044943820244, 90.16853932584424, -21.348314606741745, -134.8314606741566, -248.31460674157347, 358.4269662921363, 246.91011235955227, 135.6741573033721, 24.43820224719197, -86.79775280898818, -191.2921348314602, 292.97752808988787, 179.494382022473, 70.50561797752952]